44: 91 71 | 77 109
94: 15 77 | 129 91
73: 113 77 | 24 91
125: 77 38 | 91 37
25: 77 24 | 91 112
37: 105 77 | 50 91
47: 22 91 | 105 77
67: 91 109 | 77 45
130: 58 91 | 6 77
2: 19 77 | 10 91
48: 77 76 | 91 7
20: 10 91 | 65 77
65: 22 77 | 115 91
29: 77 126 | 91 79
105: 77 91 | 91 91
102: 87 77 | 114 91
38: 50 77 | 50 91
56: 91 107 | 77 106
9: 77 101 | 91 73
21: 77 72 | 91 54
35: 22 77 | 112 91
101: 91 115 | 77 34
122: 77 105 | 91 14
108: 77 111 | 91 52
66: 3 91 | 27 77
112: 91 28 | 77 91
61: 91 24 | 77 34
77: "a"
64: 77 99 | 91 119
106: 77 68 | 91 22
107: 24 77 | 113 91
39: 91 22
31: 53 91 | 127 77
8: 42
88: 34 91 | 113 77
27: 49 91 | 25 77
99: 91 87 | 77 58
10: 77 113 | 91 50
123: 91 100 | 77 68
1: 14 91 | 50 77
51: 112 91 | 34 77
42: 77 36 | 91 69
0: 8 11
76: 77 130 | 91 63
110: 91 100 | 77 124
46: 91 15 | 77 35
95: 120 91 | 23 77
50: 91 91
41: 28 4
57: 91 50 | 77 115
72: 91 46 | 77 125
30: 91 116 | 77 128
24: 28 77 | 91 91
109: 77 24 | 91 115
85: 91 113 | 77 68
87: 14 91
22: 91 77
45: 91 84 | 77 113
18: 77 12 | 91 20
98: 77 110 | 91 96
53: 77 92 | 91 90
120: 77 68 | 91 105
93: 77 115 | 91 34
126: 43 77 | 118 91
79: 77 47 | 91 83
89: 106 91 | 51 77
4: 68 91 | 105 77
62: 77 33 | 91 44
23: 91 115 | 77 113
32: 91 40 | 77 39
54: 59 91 | 74 77
52: 91 75 | 77 5
75: 77 104 | 91 15
104: 22 91 | 68 77
91: "b"
11: 42 31
90: 91 82 | 77 26
111: 117 91 | 41 77
63: 91 123 | 77 10
82: 89 91 | 80 77
6: 91 50 | 77 14
129: 84 28
55: 56 91 | 94 77
70: 77 93 | 91 88
58: 22 77 | 22 91
81: 22 77 | 68 91
3: 77 16 | 91 78
40: 34 91 | 84 77
36: 121 91 | 30 77
127: 91 21 | 77 48
115: 91 91 | 91 77
96: 77 97
71: 77 84 | 91 105
83: 22 77 | 100 91
118: 84 77
84: 28 77 | 77 91
43: 77 84 | 91 22
69: 77 60 | 91 108
68: 91 77 | 77 77
97: 77 77
100: 77 91
28: 77 | 91
113: 91 77 | 77 91
33: 77 61 | 91 103
5: 91 1 | 77 87
78: 34 91 | 97 77
74: 58 91 | 129 77
16: 14 77 | 84 91
26: 95 77 | 32 91
34: 28 28
92: 55 77 | 66 91
116: 77 102 | 91 70
7: 98 91 | 2 77
59: 61 91 | 17 77
121: 64 91 | 18 77
60: 91 29 | 77 62
12: 77 13 | 91 122
49: 124 28
124: 77 91 | 77 77
114: 77 115 | 91 24
80: 86 77 | 81 91
128: 67 77 | 9 91
86: 14 77 | 105 91
119: 77 85 | 91 4
14: 91 91 | 77 77
19: 91 68 | 77 34
15: 84 77 | 115 91
117: 73 77 | 57 91
103: 91 105 | 77 24
13: 91 14 | 77 50
17: 22 91 | 115 77